1000 5265
0 1
1 0
2 2
3 2
4 2
5 0
6 1
7 2
8 0
9 2
10 2
11 0
12 2
13 1
14 0
15 2
16 0
17 0
18 1
19 2
20 2
21 1
22 0
23 2
24 1
25 1
26 0
27 2
28 0
29 0
30 0
31 2
32 0
33 0
34 1
35 2
36 0
37 1
38 2
39 1
40 1
41 2
42 2
43 1
44 0
45 0
46 0
47 1
48 0
49 2
50 1
51 1
52 0
53 2
54 0
55 2
56 1
57 2
58 2
59 1
60 2
61 2
62 0
63 2
64 2
65 0
66 2
67 0
68 2
69 1
70 2
71 0
72 1
73 2
74 1
75 2
76 2
77 0
78 1
79 0
80 2
81 1
82 1
83 1
84 0
85 0
86 1
87 2
88 2
89 0
90 1
91 2
92 1
93 0
94 1
95 0
96 0
97 1
98 1
99 2
100 2
101 1
102 0
103 1
104 1
105 0
106 2
107 1
108 0
109 0
110 2
111 0
112 1
113 0
114 2
115 0
116 0
117 0
118 0
119 0
120 1
121 1
122 2
123 2
124 1
125 1
126 0
127 2
128 0
129 0
130 2
131 1
132 2
133 0
134 2
135 1
136 0
137 1
138 0
139 1
140 0
141 2
142 2
143 2
144 1
145 2
146 2
147 2
148 2
149 2
150 1
151 1
152 2
153 1
154 1
155 1
156 1
157 2
158 1
159 1
160 0
161 0
162 2
163 2
164 0
165 0
166 1
167 1
168 2
169 2
170 2
171 2
172 2
173 0
174 0
175 0
176 2
177 2
178 1
179 2
180 0
181 2
182 1
183 2
184 0
185 2
186 0
187 2
188 2
189 2
190 1
191 2
192 0
193 0
194 2
195 1
196 1
197 0
198 0
199 1
200 2
201 0
202 1
203 2
204 1
205 1
206 0
207 0
208 2
209 2
210 0
211 2
212 1
213 2
214 2
215 0
216 1
217 0
218 2
219 1
220 0
221 1
222 1
223 1
224 0
225 0
226 2
227 1
228 2
229 0
230 0
231 2
232 2
233 0
234 2
235 0
236 1
237 0
238 2
239 1
240 2
241 2
242 1
243 2
244 2
245 0
246 0
247 0
248 2
249 0
250 2
251 2
252 2
253 1
254 1
255 0
256 2
257 1
258 1
259 1
260 2
261 0
262 1
263 2
264 0
265 0
266 2
267 2
268 1
269 2
270 1
271 2
272 2
273 2
274 1
275 1
276 1
277 2
278 0
279 0
280 2
281 2
282 0
283 2
284 1
285 1
286 2
287 1
288 2
289 2
290 0
291 2
292 2
293 2
294 1
295 2
296 0
297 2
298 1
299 1
300 1
301 0
302 1
303 1
304 0
305 2
306 0
307 1
308 2
309 0
310 1
311 2
312 0
313 2
314 2
315 2
316 0
317 0
318 1
319 0
320 2
321 2
322 0
323 2
324 1
325 2
326 2
327 2
328 2
329 1
330 2
331 2
332 2
333 0
334 1
335 0
336 1
337 1
338 1
339 0
340 2
341 0
342 0
343 0
344 0
345 0
346 2
347 0
348 1
349 2
350 1
351 0
352 2
353 2
354 0
355 0
356 2
357 2
358 1
359 2
360 0
361 0
362 1
363 0
364 1
365 2
366 0
367 2
368 2
369 2
370 1
371 1
372 0
373 1
374 2
375 0
376 2
377 2
378 1
379 0
380 1
381 0
382 1
383 0
384 2
385 1
386 2
387 2
388 1
389 0
390 0
391 0
392 1
393 1
394 0
395 2
396 2
397 2
398 0
399 1
400 2
401 1
402 0
403 0
404 2
405 2
406 1
407 0
408 2
409 0
410 0
411 1
412 1
413 0
414 2
415 1
416 1
417 2
418 2
419 1
420 2
421 2
422 1
423 1
424 1
425 1
426 2
427 0
428 1
429 2
430 2
431 1
432 1
433 0
434 1
435 1
436 0
437 0
438 1
439 0
440 1
441 0
442 2
443 0
444 0
445 1
446 2
447 2
448 1
449 1
450 0
451 1
452 1
453 1
454 1
455 2
456 1
457 0
458 0
459 2
460 0
461 0
462 1
463 1
464 1
465 2
466 2
467 1
468 1
469 2
470 2
471 2
472 2
473 1
474 0
475 2
476 0
477 0
478 1
479 2
480 1
481 0
482 1
483 2
484 2
485 2
486 2
487 0
488 2
489 2
490 1
491 0
492 1
493 2
494 1
495 2
496 0
497 2
498 1
499 2
500 1
501 1
502 1
503 0
504 2
505 2
506 0
507 0
508 2
509 2
510 0
511 1
512 2
513 2
514 1
515 2
516 1
517 1
518 0
519 2
520 1
521 2
522 2
523 2
524 0
525 1
526 2
527 1
528 1
529 1
530 0
531 2
532 0
533 1
534 0
535 0
536 2
537 1
538 2
539 1
540 0
541 2
542 0
543 1
544 2
545 2
546 0
547 1
548 0
549 1
550 0
551 2
552 2
553 0
554 2
555 2
556 2
557 2
558 1
559 0
560 1
561 1
562 0
563 1
564 0
565 1
566 2
567 2
568 2
569 1
570 1
571 0
572 2
573 2
574 1
575 1
576 1
577 2
578 0
579 2
580 1
581 1
582 2
583 0
584 2
585 1
586 0
587 1
588 1
589 1
590 2
591 2
592 0
593 0
594 1
595 1
596 2
597 1
598 0
599 1
600 0
601 2
602 1
603 0
604 1
605 0
606 0
607 1
608 2
609 0
610 1
611 2
612 0
613 0
614 0
615 2
616 2
617 1
618 0
619 1
620 0
621 0
622 1
623 1
624 1
625 0
626 0
627 1
628 2
629 1
630 2
631 0
632 1
633 2
634 2
635 0
636 2
637 2
638 1
639 0
640 0
641 2
642 2
643 0
644 0
645 2
646 0
647 1
648 1
649 1
650 2
651 0
652 2
653 0
654 2
655 1
656 1
657 2
658 2
659 1
660 0
661 0
662 2
663 2
664 2
665 1
666 0
667 1
668 1
669 2
670 2
671 2
672 0
673 2
674 0
675 0
676 2
677 0
678 1
679 1
680 2
681 1
682 1
683 0
684 0
685 0
686 1
687 1
688 2
689 2
690 1
691 1
692 2
693 0
694 0
695 1
696 2
697 1
698 0
699 1
700 1
701 1
702 0
703 1
704 0
705 1
706 2
707 0
708 0
709 2
710 2
711 0
712 0
713 0
714 0
715 0
716 2
717 0
718 0
719 2
720 2
721 1
722 0
723 2
724 2
725 2
726 1
727 2
728 1
729 1
730 0
731 2
732 0
733 1
734 1
735 1
736 0
737 2
738 1
739 0
740 1
741 1
742 0
743 2
744 2
745 2
746 0
747 2
748 2
749 1
750 1
751 2
752 0
753 0
754 1
755 0
756 2
757 2
758 2
759 0
760 1
761 0
762 1
763 2
764 2
765 0
766 1
767 2
768 0
769 0
770 0
771 1
772 2
773 1
774 1
775 2
776 1
777 2
778 1
779 0
780 1
781 2
782 0
783 1
784 0
785 2
786 2
787 2
788 2
789 2
790 1
791 0
792 0
793 0
794 0
795 2
796 1
797 2
798 2
799 2
800 0
801 2
802 1
803 0
804 1
805 2
806 2
807 2
808 2
809 1
810 0
811 0
812 1
813 0
814 2
815 2
816 2
817 1
818 2
819 1
820 0
821 1
822 0
823 0
824 1
825 1
826 0
827 1
828 2
829 0
830 0
831 0
832 0
833 1
834 0
835 0
836 2
837 2
838 0
839 1
840 1
841 1
842 0
843 2
844 2
845 2
846 1
847 0
848 1
849 1
850 2
851 2
852 2
853 0
854 1
855 2
856 2
857 2
858 0
859 2
860 2
861 1
862 2
863 0
864 0
865 2
866 1
867 2
868 2
869 2
870 2
871 0
872 1
873 2
874 2
875 0
876 2
877 2
878 1
879 1
880 1
881 1
882 1
883 0
884 1
885 2
886 0
887 1
888 1
889 1
890 0
891 1
892 2
893 2
894 2
895 1
896 2
897 1
898 0
899 1
900 0
901 0
902 2
903 1
904 0
905 0
906 2
907 0
908 2
909 1
910 1
911 0
912 2
913 0
914 1
915 1
916 0
917 2
918 0
919 2
920 1
921 0
922 0
923 1
924 1
925 1
926 2
927 1
928 2
929 0
930 0
931 0
932 2
933 0
934 2
935 0
936 0
937 1
938 0
939 2
940 0
941 0
942 0
943 2
944 1
945 2
946 2
947 2
948 2
949 2
950 1
951 0
952 0
953 0
954 2
955 2
956 1
957 1
958 1
959 0
960 0
961 2
962 1
963 2
964 2
965 0
966 2
967 0
968 1
969 1
970 2
971 0
972 2
973 1
974 2
975 0
976 0
977 1
978 2
979 0
980 1
981 2
982 0
983 2
984 2
985 0
986 1
987 0
988 2
989 0
990 1
991 0
992 2
993 0
994 0
995 2
996 0
997 1
998 2
999 2
87 33
193 256
727 323
310 678
179 410
470 284
521 179
521 189
732 678
905 545
11 160
321 649
673 417
863 546
75 428
959 521
798 531
798 725
520 189
794 447
962 136
625 417
625 368
625 189
544 383
718 75
973 411
721 839
992 777
305 33
670 777
958 619
958 863
945 496
945 957
945 520
434 177
742 87
742 383
742 323
640 777
640 579
309 531
309 253
657 987
657 449
743 470
743 278
491 523
887 87
458 277
312 428
312 905
764 545
764 376
387 737
364 428
369 688
369 660
613 88
942 839
384 458
943 284
943 606
763 136
763 59
1 727
1 179
190 570
704 411
704 992
704 541
91 992
137 410
228 495
94 928
194 189
936 277
961 579
949 942
622 310
622 72
622 625
600 862
707 33
707 710
431 245
431 219
327 521
990 520
269 704
149 428
149 72
713 544
713 137
712 447
712 369
406 174
198 531
198 302
198 230
869 205
767 253
767 302
630 763
156 177
156 310
156 470
156 75
264 570
952 912
768 732
147 368
147 721
891 606
83 434
83 369
882 839
882 673
882 83
55 59
55 579
138 75
138 881
138 376
138 908
916 305
930 670
930 449
131 535
131 138
788 934
788 945
113 930
698 406
784 369
784 942
572 179
572 613
333 277
333 406
413 246
889 939
889 797
711 872
711 688
711 763
127 945
127 594
44 721
44 219
289 906
493 383
493 89
548 640
548 768
540 104
540 962
540 333
360 590
360 246
152 321
152 75
152 879
978 839
978 713
792 368
639 104
639 797
687 470
332 302
332 356
663 797
655 606
255 523
80 230
80 709
133 401
133 741
133 545
133 912
133 399
6 718
6 255
746 417
746 476
746 297
746 879
414 978
167 253
604 909
604 742
10 887
10 83
10 131
10 698
10 548
10 6
22 952
22 414
785 369
785 514
633 136
633 619
633 356
633 687
860 640
954 194
954 889
258 798
258 743
258 356
254 906
254 278
254 399
254 633
948 785
648 383
648 727
457 727
457 10
457 22
92 625
92 709
24 269
357 194
643 625
643 943
93 219
93 712
935 590
935 600
935 516
833 491
833 879
833 514
833 457
522 798
522 882
444 863
444 764
966 912
966 942
921 160
921 992
921 742
921 384
921 792
558 688
558 670
558 80
499 383
825 906
825 521
825 458
825 327
16 302
266 136
266 149
266 264
273 839
273 628
273 763
273 333
122 710
122 24
888 205
888 127
547 245
547 630
547 792
547 6
580 135
580 83
408 912
408 137
84 401
84 742
396 628
396 219
396 709
126 138
126 639
345 707
345 131
345 648
345 522
345 126
575 704
556 410
556 136
556 491
556 219
556 692
57 183
57 921
39 496
39 327
39 83
397 470
397 521
397 72
397 312
222 302
222 572
45 934
45 709
45 935
586 879
586 687
63 476
970 442
970 992
970 376
970 364
970 763
970 572
852 862
852 183
852 548
852 633
852 16
724 732
724 887
724 156
724 860
724 575
485 785
485 122
937 670
937 254
937 580
614 222
847 414
847 258
462 478
110 639
110 643
261 523
261 174
261 278
261 882
261 113
261 408
474 619
474 718
474 973
474 449
474 970
537 630
537 345
537 586
659 87
659 81
659 753
298 515
298 600
298 966
298 273
983 872
983 942
983 45
953 909
953 687
953 516
953 586
95 872
95 520
95 302
49 725
37 24
37 444
851 401
851 277
851 590
851 356
851 888
308 882
526 579
526 953
559 545
559 430
508 94
508 95
757 987
757 939
757 912
757 966
757 614
123 721
439 732
439 474
330 619
330 797
330 89
330 499
330 63
330 474
634 378
634 794
634 384
634 273
634 575
702 305
702 149
702 83
964 930
379 189
379 384
379 269
379 493
379 540
379 92
379 659
379 702
986 613
986 219
986 198
986 869
986 633
986 122
846 189
846 354
846 72
846 707
846 516
340 703
394 973
394 704
394 356
213 546
213 957
213 764
213 941
769 59
769 949
456 177
456 196
456 882
456 833
911 44
911 37
471 628
471 83
471 493
471 457
471 833
206 941
235 411
235 428
235 137
235 264
690 961
690 246
690 122
841 323
841 847
171 137
171 80
171 92
171 921
265 959
265 89
265 289
858 546
858 520
858 942
858 147
407 570
389 447
389 470
389 95
512 245
512 189
512 939
512 541
512 285
512 133
512 516
223 959
223 548
403 277
403 431
403 493
184 411
184 879
184 246
184 784
796 986
980 442
980 88
980 190
980 194
980 462
918 732
918 959
918 721
918 345
918 439
918 330
240 660
240 945
240 508
148 872
148 600
148 147
34 970
34 184
865 277
865 495
865 788
865 84
865 213
740 725
740 230
740 604
793 277
793 959
793 992
793 846
335 34
483 718
483 83
895 987
895 49
895 240
181 179
181 297
181 936
181 55
181 138
181 604
181 223
706 368
706 887
706 746
706 298
358 478
950 59
950 943
950 91
950 713
950 639
421 710
488 495
488 258
766 461
766 958
766 556
766 462
766 181
480 91
480 615
480 144
480 394
480 690
480 740
480 793
480 335
326 521
326 784
326 95
536 957
536 784
536 258
536 970
283 354
584 284
584 639
789 33
789 688
789 992
789 434
789 753
789 462
758 177
758 725
758 167
54 630
54 57
446 872
446 732
446 88
446 879
446 327
446 921
201 630
201 655
201 379
154 600
154 847
762 499
132 414
132 558
132 736
132 865
429 863
429 154
744 174
744 213
756 547
425 987
28 401
28 394
28 248
745 935
419 660
419 356
419 767
419 167
419 604
419 403
419 154
48 673
48 94
48 333
48 687
48 793
534 284
534 622
534 266
534 846
534 171
534 54
534 745
821 480
616 368
616 213
616 201
200 663
200 953
200 964
543 333
543 57
837 447
837 829
837 887
837 753
837 935
837 745
832 863
832 431
832 882
832 548
832 663
832 526
832 841
260 798
260 94
260 622
260 92
260 24
260 888
260 379
260 148
965 934
965 792
61 512
686 660
686 462
479 417
799 383
799 526
467 928
467 707
467 167
467 403
102 33
102 470
102 673
102 945
102 131
102 970
102 467
25 485
25 389
263 10
400 333
400 687
400 851
400 200
79 833
79 266
79 39
79 852
79 488
232 541
232 431
232 639
232 522
232 403
232 25
199 136
199 378
199 253
199 648
199 34
164 104
164 449
164 763
164 184
164 54
393 297
940 94
940 821
940 102
940 199
13 619
13 760
13 940
484 179
484 594
484 24
484 206
484 171
689 763
689 516
689 911
689 837
192 87
192 470
192 515
192 737
192 990
192 937
787 918
787 895
665 442
665 673
665 663
665 547
665 484
603 839
603 928
603 85
603 219
603 127
603 948
603 757
603 223
603 154
739 535
739 399
739 986
176 718
176 797
176 95
176 358
15 33
15 298
15 48
979 590
979 852
979 28
979 393
728 725
728 75
728 535
728 860
728 799
728 192
728 15
677 198
677 692
677 183
677 648
668 936
668 399
668 265
668 756
668 15
329 85
329 364
329 84
329 345
329 298
329 895
303 905
303 556
730 541
730 127
730 548
730 39
730 181
395 570
395 725
395 230
395 85
395 711
395 126
69 368
69 378
69 987
69 456
69 584
69 686
178 40
178 177
178 401
178 508
504 368
504 196
504 266
504 480
504 543
477 470
477 360
477 865
268 707
268 882
268 847
268 895
782 862
782 394
782 456
782 34
880 727
880 515
880 397
880 483
880 756
993 160
993 987
993 278
993 961
993 954
993 953
993 512
141 256
141 798
141 763
683 640
683 213
984 625
984 544
984 268
902 640
902 110
811 732
811 743
811 952
811 462
811 953
811 769
811 425
811 232
47 590
47 360
47 456
212 95
931 88
931 606
931 45
931 283
208 384
208 792
208 499
208 132
208 799
322 743
322 799
322 683
576 33
576 289
576 261
576 393
926 741
2 33
2 590
2 559
815 922
815 590
826 936
826 767
826 760
826 429
708 939
708 522
708 110
708 846
708 745
708 260
708 739
708 268
776 447
776 408
119 33
119 937
119 659
119 308
119 429
119 965
119 467
166 428
166 190
166 941
166 396
166 248
971 258
971 92
971 966
971 345
971 964
971 576
130 728
64 721
64 709
64 655
64 485
64 176
64 15
432 148
432 54
432 164
60 126
635 753
635 228
635 16
635 485
635 740
635 181
74 928
74 535
74 945
74 556
74 683
170 544
170 978
170 966
170 970
170 480
170 708
481 742
481 430
481 254
494 449
494 958
494 183
494 687
494 266
494 474
494 477
494 212
532 657
532 712
532 615
532 123
532 634
532 201
532 48
532 683
532 170
932 727
932 189
932 522
932 558
932 479
452 491
452 63
452 61
697 909
697 930
697 758
697 429
697 48
771 310
771 478
771 219
771 575
771 141
904 792
904 643
904 379
233 177
233 905
233 987
233 887
233 961
233 622
233 83
233 930
233 92
960 777
960 600
960 548
960 167
960 396
960 212
279 354
279 39
652 383
652 340
652 456
652 467
652 329
116 872
116 941
116 357
116 28
116 15
391 798
391 254
391 419
42 81
42 619
42 83
42 254
42 634
528 135
528 619
528 278
528 541
528 147
528 709
528 536
969 368
969 198
969 258
969 745
903 177
903 428
903 959
903 794
903 670
903 94
903 484
151 579
151 763
151 916
151 16
151 736
666 289
666 837
19 40
19 183
19 425
19 787
19 329
626 721
626 579
626 604
626 206
626 880
621 544
621 792
621 261
621 739
621 677
621 208
621 926
685 992
685 702
685 240
685 102
685 391
805 570
805 523
805 725
805 959
805 230
805 879
805 990
805 356
805 768
805 24
805 212
524 753
524 194
524 154
524 686
271 746
271 880
271 902
507 767
507 333
507 639
507 79
507 42
533 912
533 625
533 753
533 94
533 332
502 728
502 481
855 256
855 939
855 493
855 556
855 60
638 72
638 777
638 992
638 369
638 590
638 784
857 277
637 635
637 452
276 495
276 858
276 762
276 119
453 906
453 75
453 594
453 24
453 16
453 335
318 863
318 962
318 230
318 94
318 930
318 330
318 303
318 683
318 494
342 515
342 265
342 240
342 480
342 665
838 193
838 887
838 113
838 456
838 652
557 753
557 961
557 431
557 406
557 357
557 787
557 532
929 354
929 736
929 283
929 504
929 494
929 507
609 177
609 434
609 80
609 345
609 762
315 687
315 260
315 119
238 741
238 753
238 908
238 283
967 678
967 692
967 882
967 558
967 543
530 916
530 446
530 176
592 297
592 356
592 258
592 24
592 456
592 303
592 507
229 958
229 491
229 709
229 594
229 771
36 673
36 541
36 937
36 659
36 858
36 706
36 677
577 289
577 39
577 425
577 79
577 192
577 279
577 318
577 967
448 945
448 937
448 953
370 777
370 278
370 10
370 24
370 222
370 730
473 869
473 685
404 123
404 208
938 962
938 89
938 986
938 315
947 135
947 713
947 206
947 178
947 811
65 11
65 737
65 406
65 499
65 263
65 393
65 940
65 130
65 452
65 626
65 805
700 634
700 811
700 19
772 253
772 930
772 414
772 833
202 55
202 80
202 983
202 799
202 904
427 205
427 908
427 796
427 947
896 54
896 238
883 952
883 208
848 934
848 147
848 183
848 852
9 136
9 958
9 458
9 572
9 792
9 575
9 757
9 543
9 400
9 164
375 383
375 495
375 520
375 713
375 406
375 55
375 698
375 167
375 659
375 467
375 276
994 959
994 240
994 429
656 688
656 732
656 625
656 721
656 340
68 179
68 470
68 949
68 457
68 703
68 407
68 616
77 862
77 949
77 633
77 771
418 177
418 59
418 655
418 841
418 665
139 10
139 276
139 418
842 906
842 936
842 622
842 952
842 84
842 192
842 119
786 545
786 628
786 764
786 753
786 228
786 413
786 687
723 712
893 205
893 710
893 841
893 652
819 297
819 879
819 833
819 235
819 187
819 984
819 432
819 391
424 753
424 622
424 356
424 639
140 87
140 190
140 261
140 28
140 395
140 926
140 857
871 546
871 491
871 836
871 484
871 15
790 523
790 309
790 222
790 697
367 522
367 586
367 953
367 248
367 534
367 229
611 670
611 764
611 615
611 860
611 744
611 69
197 156
197 63
197 184
197 69
197 322
661 256
661 872
661 559
661 766
661 799
661 904
661 967
770 284
770 321
770 742
770 768
770 408
770 45
770 181
770 926
770 969
770 592
770 947
172 959
172 312
172 916
172 131
172 439
172 200
923 725
923 428
923 478
923 396
923 736
923 950
923 232
923 212
923 637
436 408
436 474
436 479
436 74
436 238
204 83
204 439
497 943
497 400
497 603
497 947
497 139
497 424
415 688
415 934
415 515
415 657
415 298
415 200
415 276
415 967
288 829
288 514
288 258
288 457
288 758
288 432
288 279
97 285
97 181
97 766
975 727
975 959
975 493
975 261
975 171
344 547
344 235
344 240
344 9
385 376
385 345
385 559
385 199
385 15
900 941
900 265
900 686
900 432
900 577
900 65
441 174
441 149
441 580
441 895
441 488
143 727
143 309
143 430
143 852
143 635
143 151
337 449
337 663
337 703
337 730
337 318
53 256
53 384
53 483
53 2
53 170
155 13
155 473
972 430
972 921
972 222
972 893
489 81
489 881
489 949
489 198
489 690
489 796
489 895
489 782
489 815
489 524
489 53
675 862
675 6
675 932
783 523
783 88
783 297
783 254
783 444
455 572
455 986
455 769
455 536
455 756
455 199
455 415
290 160
290 979
290 432
976 721
976 449
976 235
976 344
976 455
105 939
105 622
105 891
105 788
105 22
105 92
105 730
105 344
662 277
662 881
662 485
662 537
662 559
662 330
662 223
859 104
859 909
859 253
859 309
859 724
859 902
859 197
800 725
800 428
800 147
800 888
800 851
800 97
339 523
339 710
339 378
339 1
339 298
339 213
339 836
339 980
339 756
352 764
352 559
352 403
120 255
120 575
120 344
351 709
351 572
351 966
351 394
351 488
351 530
21 928
21 737
21 941
21 24
21 659
21 340
21 993
21 229
21 700
466 912
466 640
466 387
466 83
466 785
466 122
466 614
466 97
236 881
236 590
236 329
236 533
901 189
901 278
901 540
901 937
901 471
901 745
901 821
901 212
901 611
901 859
325 312
325 406
325 841
325 199
325 143
129 368
129 839
129 376
129 668
129 929
129 339
646 376
646 744
646 141
646 838
646 120
791 478
791 269
791 547
791 706
791 811
791 170
791 896
791 883
791 424
791 662
791 21
99 987
99 399
99 615
99 630
99 322
99 116
977 189
977 764
977 273
977 586
977 37
286 40
286 430
286 842
822 922
822 957
822 829
822 357
822 937
822 769
454 633
454 499
454 396
454 419
454 923
454 143
51 189
51 758
51 683
492 63
492 557
492 577
913 457
913 122
913 762
913 395
913 268
913 197
214 881
214 406
214 164
214 940
214 528
554 88
554 889
554 394
554 148
554 54
554 799
554 677
554 652
207 104
207 613
207 430
207 248
207 432
207 68
538 368
538 725
538 354
538 882
538 950
538 28
538 821
538 532
538 661
125 541
125 698
125 769
125 421
125 176
62 11
62 606
62 888
62 84
62 330
62 706
62 675
699 523
699 763
699 891
699 604
699 484
699 15
699 932
674 193
674 174
674 333
674 457
674 335
674 358
420 431
420 407
420 467
420 448
287 922
287 421
287 192
287 130
287 64
878 888
878 415
878 972
878 662
878 51
755 202
377 104
377 798
377 707
377 784
377 258
377 484
377 728
377 855
377 53
722 411
722 110
722 508
722 918
722 950
722 609
311 397
311 756
311 979
311 826
58 732
58 434
58 908
58 709
58 512
58 744
58 699
146 401
146 284
146 547
146 467
146 74
679 1
679 767
679 594
679 152
679 24
679 273
679 184
679 616
679 481
679 229
759 628
759 327
759 930
759 432
759 675
759 791
31 476
31 147
31 594
31 639
31 536
31 164
31 178
31 172
31 497
18 606
18 535
18 670
18 891
18 83
18 298
18 28
18 686
18 683
18 473
18 290
405 368
405 136
405 104
405 613
405 665
281 673
281 619
281 903
281 405
361 189
361 594
361 556
361 132
361 64
361 621
361 21
519 788
519 639
519 760
519 488
529 657
529 600
529 703
529 394
551 323
551 727
551 393
551 64
927 33
927 135
927 909
927 712
927 508
927 427
927 197
870 332
870 480
870 425
774 428
774 768
774 333
774 39
774 702
185 741
185 613
185 83
185 724
185 391
185 800
506 657
506 91
506 246
506 746
506 796
506 419
506 929
506 418
506 337
506 977
295 862
295 323
295 183
295 200
295 603
295 728
599 193
599 298
599 893
599 286
963 570
963 906
963 732
963 939
963 22
963 421
963 603
963 352
963 529
409 48
409 577
605 205
605 531
605 710
605 356
605 833
605 181
605 626
605 271
605 288
747 613
747 198
747 512
747 543
747 532
747 927
747 870
812 264
812 144
812 255
812 937
812 326
812 786
812 385
316 256
316 81
316 992
316 609
795 48
795 903
795 929
795 605
468 649
468 879
468 758
468 61
468 557
12 378
12 718
12 312
12 709
12 10
12 558
12 206
12 199
12 652
12 36
12 316
998 906
998 957
998 387
998 308
998 132
998 232
998 68
998 759
998 599
437 193
437 364
437 129
437 468
440 406
440 10
440 184
440 744
440 25
440 730
440 984
440 815
341 245
341 399
341 740
341 483
341 132
341 155
618 625
618 663
618 421
618 288
802 256
802 655
802 474
802 260
802 755
802 295
808 905
808 174
808 183
808 663
808 57
808 397
808 766
808 837
808 322
808 418
808 538
808 62
365 580
365 986
365 984
365 502
365 842
365 723
365 339
328 383
328 156
328 418
595 470
595 673
595 767
595 575
595 49
595 702
595 288
243 496
243 987
243 520
243 430
243 547
243 485
243 536
243 984
243 638
243 994
243 352
867 570
867 240
867 819
867 437
67 746
67 436
67 97
899 942
899 24
899 379
899 940
899 504
899 904
899 279
899 143
549 442
549 1
549 94
549 266
549 756
549 975
549 21
469 201
469 2
469 352
469 99
469 492
671 544
671 942
671 91
671 327
671 340
671 488
671 454
247 523
247 253
247 879
247 138
247 584
585 606
585 721
585 94
585 122
585 34
585 419
585 25
585 9
914 757
914 634
914 796
914 181
914 232
914 393
914 151
161 941
161 768
161 698
161 389
161 240
161 971
161 635
161 342
161 31
274 256
274 599
274 469
203 930
203 308
203 821
486 949
486 768
486 580
486 261
486 918
486 477
486 975
775 11
775 254
775 208
775 529
810 619
810 479
810 60
810 530
810 68
810 418
810 441
810 105
810 339
810 808
306 461
306 962
306 91
306 431
306 891
306 258
306 580
306 116
306 666
306 810
761 579
761 476
761 860
761 34
761 762
761 543
761 102
761 315
761 274
158 135
158 85
158 891
158 548
158 430
158 494
158 656
158 923
158 662
158 203
372 797
372 48
372 605
372 486
372 775
76 496
76 495
76 289
76 357
76 507
76 286
644 990
644 147
644 474
644 394
644 197
644 204
644 662
402 906
402 297
402 152
402 213
402 826
402 626
402 838
402 842
525 309
525 281
525 551
738 321
738 572
738 643
738 306
738 76
581 160
581 88
581 880
581 926
581 771
581 99
581 551
451 208
451 361
779 254
779 702
779 466
779 538
779 18
779 12
681 196
681 413
681 512
681 425
681 730
220 879
220 83
220 916
220 784
220 61
220 263
220 666
220 770
220 125
220 62
220 899
220 161
620 737
620 55
620 15
620 528
620 755
620 519
350 531
350 478
350 657
350 590
350 639
350 171
350 358
350 758
350 762
350 744
350 904
350 609
350 316
350 738
350 451
14 401
14 710
14 88
14 548
14 408
14 488
14 766
14 960
465 196
465 478
465 718
465 713
465 793
465 268
465 9
153 470
153 278
153 63
153 456
153 911
153 212
153 318
153 99
153 681
999 740
999 36
999 325
338 798
338 376
338 194
338 430
338 860
338 166
338 139
338 783
607 230
607 190
607 952
607 6
607 206
607 240
607 25
607 130
981 922
981 245
981 80
981 746
981 558
981 63
981 965
981 791
981 377
981 341
382 44
382 79
382 637
353 22
353 921
353 504
353 815
353 626
353 337
237 89
237 558
237 240
237 984
237 506
52 882
52 746
52 396
52 756
52 315
52 759
52 372
593 521
593 905
593 137
593 559
593 479
593 484
593 960
593 747
503 606
503 911
503 34
503 483
503 706
503 776
503 424
296 784
296 832
296 494
296 893
296 365
296 738
781 268
781 669
781 286
781 605
781 607
650 942
650 149
650 782
650 452
650 783
623 135
623 219
623 131
623 792
623 80
623 379
623 235
623 880
623 322
623 344
7 909
7 302
7 821
7 212
7 473
7 99
7 913
270 499
270 235
270 530
270 202
270 554
270 674
270 18
109 704
109 652
109 502
109 646
109 286
109 506
300 922
300 488
300 201
300 322
300 296
682 777
682 939
682 829
682 992
682 787
682 848
682 723
682 155
500 725
500 869
500 474
500 421
500 776
500 609
500 375
500 900
96 909
96 628
96 743
96 264
96 396
96 931
96 530
96 139
96 859
96 623
653 794
653 413
653 444
653 532
653 903
653 370
70 205
70 442
70 939
70 312
70 768
70 183
70 889
70 360
70 663
70 522
70 937
70 223
70 756
70 638
70 448
124 869
124 698
124 255
124 122
124 326
124 745
124 200
124 232
124 477
124 528
124 155
124 109
773 992
773 712
834 383
834 474
834 787
834 759
834 295
482 310
482 957
482 572
482 39
482 815
482 611
482 316
482 382
693 725
693 545
693 992
693 308
693 248
693 772
693 441
693 506
693 220
693 70
597 670
597 888
597 28
597 965
597 730
597 233
597 116
597 855
597 800
597 377
597 963
597 109
597 70
259 496
259 171
259 200
259 79
348 135
348 323
348 939
348 959
348 520
348 942
348 825
348 266
348 677
348 805
348 453
348 592
348 675
348 203
348 581
680 760
680 512
680 740
680 592
680 896
680 424
680 140
188 959
188 309
188 763
188 254
188 799
188 125
188 680
694 222
694 940
719 531
719 575
719 665
719 723
719 605
719 70
823 340
823 805
823 424
823 779
823 773
26 277
26 943
26 712
26 865
26 232
26 730
26 697
26 427
26 842
26 311
26 402
26 109
806 33
806 649
806 323
806 378
806 2
806 65
806 927
806 153
121 94
121 655
121 95
121 200
121 609
121 328
3 104
3 11
3 973
3 326
3 337
3 650
527 962
527 721
527 579
527 356
527 24
527 937
527 123
527 488
527 789
527 534
527 208
527 77
527 605
216 521
216 718
216 471
216 425
216 902
216 351
216 554
853 401
853 245
853 321
853 613
853 254
853 421
853 176
853 166
853 405
996 312
996 942
996 414
996 258
996 643
996 45
996 858
996 584
996 268
996 139
996 800
996 465
217 541
217 768
217 891
217 514
217 63
217 964
217 13
217 972
217 999
217 500
324 196
324 156
324 891
324 333
324 22
324 787
324 65
324 900
324 52
8 230
8 258
8 795
8 500
8 121
664 590
664 358
664 429
664 532
664 805
664 370
664 492
664 682
676 470
676 495
676 219
676 202
676 693
134 649
134 909
134 522
134 444
134 706
134 931
134 532
134 901
602 535
602 882
602 84
602 926
602 60
602 318
602 773
642 640
642 1
642 936
642 852
642 248
642 208
642 322
642 68
642 281
642 76
573 122
573 799
573 467
573 15
573 109
844 590
844 246
844 213
844 665
844 708
844 60
844 609
844 646
844 620
844 719
501 882
501 709
501 711
501 167
501 634
501 736
501 393
501 176
501 981
910 401
910 478
910 572
910 93
910 397
910 484
910 621
374 189
374 962
374 305
374 926
374 452
374 551
374 188
374 996
641 383
641 156
641 746
641 979
641 105
641 287
641 808
641 243
749 711
749 575
749 865
749 326
749 931
749 452
749 755
749 295
627 646
627 420
924 863
924 970
924 394
924 652
924 967
924 139
892 862
892 839
892 657
892 869
892 281
892 134
30 992
30 958
30 614
30 616
30 686
30 938
30 611
30 121
30 853
460 198
460 639
460 403
460 900
460 454
460 296
168 798
168 327
168 768
168 457
168 634
168 686
168 393
168 432
168 170
168 229
168 607
717 887
717 692
717 10
717 954
717 123
717 79
717 524
717 146
717 469
90 147
90 471
90 28
90 782
90 370
90 77
90 976
849 579
849 590
849 788
849 479
849 303
849 342
849 337
849 105
849 722
617 461
617 698
617 273
617 222
617 279
617 497
617 236
617 51
750 872
750 401
750 253
750 881
750 369
750 137
750 183
750 456
750 240
750 616
750 993
750 170
750 637
750 67
291 545
291 606
291 580
291 222
291 240
291 776
291 436
729 33
729 87
729 987
729 458
729 767
729 926
729 377
729 693
729 680
946 135
946 442
946 149
946 558
946 396
946 970
946 261
946 697
946 857
946 385
946 437
610 990
610 154
610 229
610 644
610 525
610 153
343 579
343 541
343 767
343 64
343 697
695 973
695 882
695 255
695 457
695 67
107 725
107 960
107 197
107 220
107 8
765 442
765 939
765 520
765 670
765 742
765 737
765 541
765 138
765 360
765 126
765 836
647 406
647 283
647 477
647 271
647 638
647 325
647 281
647 775
647 482
647 924
817 401
817 729
550 957
550 676
550 717
955 928
955 760
955 492
955 808
955 343
876 387
876 713
876 264
876 283
876 201
876 28
876 164
876 129
876 220
46 261
46 213
46 836
46 616
46 646
46 99
589 964
589 728
589 119
589 771
589 65
589 611
589 867
589 620
589 70
162 104
162 189
162 544
162 297
162 941
162 766
162 200
162 603
162 896
162 977
162 585
162 296
875 753
875 846
875 148
875 248
875 481
875 666
875 140
875 722
875 618
23 379
23 271
23 842
968 902
968 626
968 592
968 910
968 750
968 817
835 44
835 148
835 811
835 494
835 427
835 306
835 76
835 910
209 151
209 593
209 765
752 137
752 787
752 65
752 214
752 372
443 376
443 930
443 580
443 586
443 34
443 484
443 140
443 121
539 476
539 887
539 600
539 931
539 367
539 155
539 791
539 554
539 460
518 586
518 79
518 605
518 220
518 7
262 657
262 85
262 110
262 474
262 964
262 208
262 808
262 644
629 515
629 953
629 223
629 740
629 96
933 670
933 788
933 345
933 261
933 184
933 232
933 477
933 214
933 146
933 440
933 30
398 137
398 766
398 616
398 97
398 162
578 521
578 499
578 757
578 776
578 151
35 906
35 881
35 414
35 690
35 240
35 950
35 425
35 832
35 739
35 979
35 477
35 19
35 842
35 871
35 679
35 506
995 189
995 622
995 793
995 603
995 855
995 202
995 497
995 646
995 738
571 181
571 452
571 42
571 549
571 578
569 193
569 922
569 660
569 283
569 303
569 993
569 805
569 424
569 755
569 247
569 653
542 133
542 537
542 483
542 821
542 455
542 812
542 695
509 411
509 939
509 992
509 768
509 89
509 724
509 723
509 878
331 499
331 199
331 689
331 679
331 31
331 795
78 545
78 909
78 673
78 44
78 559
78 533
78 927
78 795
78 372
32 916
32 444
32 504
32 139
32 871
32 900
32 207
32 808
32 810
32 525
117 879
117 144
117 758
117 896
117 933
997 613
997 194
997 615
997 213
997 153
803 939
803 912
803 990
803 953
803 771
803 967
803 65
803 549
803 681
803 717
159 531
159 792
159 48
159 97
159 220
159 876
159 997
843 174
843 229
843 139
843 451
565 797
565 767
565 139
565 842
565 550
565 209
827 741
827 986
827 867
827 158
827 773
827 719
317 383
317 245
317 442
317 540
317 167
317 16
317 419
317 730
317 819
317 367
317 352
317 998
658 939
658 59
658 91
658 156
658 580
658 421
658 532
658 671
658 573
636 523
636 660
636 269
636 772
636 287
423 887
423 547
423 793
423 102
423 842
423 415
423 8
423 933
645 891
645 414
645 254
645 796
645 54
645 425
645 723
86 788
86 674
86 779
86 121
386 909
386 515
386 309
386 399
386 689
386 192
386 902
386 212
386 776
386 700
386 53
386 317
735 92
735 921
735 308
735 326
735 543
735 686
735 25
735 779
868 321
868 952
868 16
868 614
868 668
868 786
868 802
868 153
715 657
715 194
715 357
715 206
715 176
715 214
715 281
715 237
715 933
715 317
828 113
828 144
828 772
828 963
828 525
828 423
511 905
511 887
511 167
511 948
511 558
511 456
511 480
511 455
511 153
511 353
511 694
490 87
490 872
490 777
490 183
490 745
490 832
490 689
490 15
490 819
490 812
490 440
490 300
490 539
163 573
163 610
163 35
163 117
163 423
118 189
118 590
118 870
118 382
118 300
118 910
118 86
106 536
106 745
106 971
106 391
106 77
106 325
106 519
336 410
336 447
336 470
336 354
336 881
336 657
336 431
336 147
336 439
336 975
252 94
252 333
252 144
252 223
215 570
215 922
215 788
215 181
215 154
215 484
215 130
215 415
215 129
215 188
215 571
917 881
917 156
917 584
917 971
917 9
917 440
917 382
917 693
917 46
917 571
748 649
748 476
748 763
748 132
748 902
748 197
748 972
748 593
748 629
426 461
426 442
426 863
426 429
426 25
426 883
426 420
426 291
726 839
726 777
726 312
726 935
726 318
726 404
726 455
726 18
726 551
726 386
726 511
359 368
359 401
359 194
359 536
359 42
359 77
359 644
359 773
359 997
0 144
0 702
0 181
0 616
0 232
0 621
0 883
0 365
0 875
885 742
885 600
885 799
885 161
885 188
885 853
885 501
392 514
392 964
392 766
392 200
392 15
392 728
392 42
392 842
392 791
392 623
157 709
157 889
157 508
157 611
157 549
157 203
157 188
157 35
562 69
562 146
464 625
464 266
464 330
464 762
464 199
464 787
464 53
464 554
464 658
464 215
416 908
416 315
416 65
416 62
416 209
416 933
944 640
944 616
944 728
944 303
944 504
944 481
944 116
944 271
944 197
101 284
101 881
101 718
101 269
101 201
101 686
101 708
101 60
101 473
101 828
112 256
112 721
112 579
112 743
112 540
112 110
112 883
991 649
991 625
991 85
991 149
991 89
991 547
991 34
991 358
991 502
991 638
991 901
991 755
991 112
275 364
275 952
275 970
275 699
275 749
250 702
250 965
250 316
71 85
71 634
71 796
71 322
71 448
71 290
71 680
71 817
71 955
631 387
631 966
631 895
631 621
631 967
631 296
631 460
381 137
381 254
381 397
381 757
381 389
381 232
381 197
381 549
381 486
388 922
388 219
388 483
388 25
388 303
388 805
388 216
388 217
433 523
433 24
433 526
433 34
433 30
433 317
433 828
433 464
299 189
299 957
299 912
299 491
299 395
299 337
299 53
299 7
299 490
4 205
4 177
4 387
4 471
4 60
4 107
221 863
221 912
221 952
221 698
221 414
221 576
221 967
221 549
221 382
221 216
221 573
221 392
231 764
231 285
231 744
231 826
231 621
231 453
231 30
231 464
505 113
505 133
505 484
505 466
505 750
244 193
244 11
244 442
244 356
244 183
244 978
244 893
244 67
244 735
267 798
267 958
267 797
267 384
267 891
267 847
267 263
267 130
267 42
267 229
267 352
267 791
267 585
267 781
267 46
225 821
225 15
225 212
225 802
225 623
225 680
733 794
733 869
733 536
733 821
733 13
733 484
733 375
733 893
733 460
733 876
191 934
191 948
191 57
191 95
191 708
191 3
191 118
210 930
210 151
210 682
854 649
854 742
854 655
854 772
854 662
854 31
854 252
591 912
591 434
591 345
591 171
591 677
591 826
897 619
897 491
897 131
897 784
897 493
897 746
897 659
897 592
897 913
897 58
897 539
897 578
897 490
334 198
334 504
334 931
334 822
334 86
334 631
165 983
165 964
165 121
165 573
450 87
450 626
450 929
450 700
450 497
608 136
608 743
608 984
608 204
608 161
608 607
608 868
608 106
801 718
801 970
801 758
801 132
801 464
667 376
667 190
667 131
667 289
667 687
667 796
667 766
667 756
667 79
667 146
667 203
667 118
651 378
651 863
651 921
651 45
651 690
651 677
651 815
651 669
651 286
651 875
651 509
778 615
778 485
778 263
778 668
778 481
778 773
778 259
778 627
778 571
807 640
807 102
807 685
807 465
807 503
807 676
807 729
807 398
734 417
734 936
734 709
734 954
734 888
734 265
734 389
734 61
734 636
734 163
349 277
349 59
349 888
349 397
349 918
349 283
349 132
349 787
349 187
349 576
349 155
349 377
349 52
349 343
920 323
920 829
920 458
920 712
920 39
920 702
920 326
920 202
920 451
920 331
513 764
513 228
513 80
513 222
513 208
513 903
513 656
513 77
513 287
830 688
830 266
830 483
830 723
830 351
830 236
830 999
830 650
830 996
830 695
830 917
173 545
173 6
173 888
173 57
173 983
173 488
173 200
173 904
173 759
173 998
173 717
412 521
412 622
412 152
412 171
412 584
412 446
412 686
412 141
412 119
412 96
412 482
412 664
313 958
313 941
313 603
313 782
313 635
313 903
313 848
313 31
313 774
313 680
313 3
313 324
313 291
313 191
313 450
211 934
211 312
211 254
211 724
211 37
211 728
211 969
211 524
211 497
211 214
211 316
211 259
320 132
320 638
320 342
320 155
320 800
320 671
320 968
180 673
180 962
180 254
180 122
180 769
180 603
180 855
180 99
180 243
180 610
180 118
498 959
498 273
498 34
498 904
498 923
498 519
498 717
498 828
498 313
98 268
98 977
98 681
98 748
175 491
175 622
175 663
175 444
175 39
175 842
175 627
175 875
175 118
175 221
982 136
982 327
982 980
982 240
982 146
982 892
982 0
145 72
145 764
145 413
145 895
145 322
145 202
145 99
145 722
145 440
145 161
145 465
145 653
145 168
145 610
145 334
257 721
257 429
257 832
257 395
257 682
257 443
257 215
257 173
41 264
41 279
41 972
41 627
731 499
731 690
731 789
731 202
731 977
731 440
731 107
731 118
731 734
553 649
553 741
553 495
553 881
553 959
553 194
553 473
553 783
553 595
553 505
366 935
366 998
366 76
366 868
366 553
347 228
347 156
347 793
347 626
347 288
347 311
347 372
890 570
890 546
890 11
890 619
890 94
890 559
890 848
890 786
890 646
890 519
890 486
890 350
856 88
856 137
856 55
856 84
856 926
856 432
226 410
226 606
226 698
226 643
226 895
226 36
226 842
226 348
226 636
226 830
840 945
840 157
840 450
314 905
314 201
314 832
314 770
314 500
314 693
314 527
314 291
314 843
314 359
583 330
583 592
583 77
583 790
583 719
566 628
566 483
566 815
566 74
566 107
566 968
566 571
566 803
566 252
566 334
720 725
720 515
720 91
720 769
720 181
720 786
720 351
720 125
720 733
487 862
487 767
487 784
487 503
487 398
487 843
813 335
813 999
813 717
813 359
552 520
552 332
552 408
552 130
552 652
552 12
517 205
517 839
517 725
517 16
517 512
517 166
517 315
517 870
517 602
517 157
517 175
898 934
898 297
898 639
898 93
898 126
898 964
898 148
898 708
898 19
898 204
898 878
898 982
820 449
820 285
820 766
820 689
820 782
820 903
820 901
820 722
820 843
820 416
820 433
820 553
820 226
684 548
684 200
684 427
684 927
684 875
111 179
111 302
111 703
111 238
111 220
111 653
111 450
111 840
861 742
861 268
861 286
861 365
861 291
861 106
861 631
861 608
861 175
186 556
186 847
186 330
186 739
186 848
186 997
186 165
251 847
251 577
251 214
251 12
251 676
227 467
227 199
227 395
227 815
227 506
227 982
804 496
804 535
804 431
804 930
804 340
804 240
804 60
804 233
804 578
804 631
103 461
103 160
103 302
103 297
103 406
103 964
103 248
103 432
103 229
103 316
103 602
103 573
103 910
103 106
371 80
371 6
371 740
371 484
371 176
371 652
371 351
371 451
371 460
371 765
371 225
371 552
371 804
864 959
864 535
864 916
864 266
864 298
864 337
864 153
864 382
864 650
864 642
814 987
814 961
814 298
814 507
814 385
814 644
814 610
814 225
814 226
422 177
422 744
422 675
422 440
422 336
346 836
346 328
346 573
346 78
346 336
915 945
915 737
915 184
915 479
915 940
915 811
915 652
915 344
915 70
915 566
874 839
874 648
874 37
874 206
874 858
874 263
874 739
974 428
974 13
974 481
974 637
974 500
974 46
974 748
989 926
989 318
989 53
989 581
989 173
272 135
272 193
272 945
272 322
272 971
272 130
272 607
272 817
272 225
272 591
272 517
373 521
373 718
373 663
373 357
373 122
373 964
373 394
373 669
373 361
373 244
373 173
373 180
373 175
373 226
691 104
691 63
691 826
691 904
691 143
691 291
691 876
691 86
956 606
956 434
956 797
956 769
956 154
956 279
956 607
956 291
612 727
612 1
612 144
612 222
612 425
612 603
612 993
612 938
612 812
612 316
612 221
612 267
73 410
73 246
73 429
73 212
73 42
73 775
73 717
73 835
866 278
866 948
866 400
985 189
985 113
985 687
985 133
985 223
985 480
985 395
985 666
985 455
985 747
985 111
985 346
985 373
985 691
5 515
5 309
5 228
5 615
5 83
5 639
5 28
5 74
5 969
5 976
5 381
82 936
82 379
82 918
82 950
82 771
82 70
82 617
82 550
82 32
82 726
128 368
128 1
128 332
128 611
128 487
50 40
50 905
50 640
50 990
50 2
50 172
50 288
50 247
50 52
27 104
27 615
27 403
27 263
27 42
27 139
27 492
27 914
27 761
27 996
27 343
831 81
831 496
831 89
831 152
831 407
831 971
831 685
831 351
831 311
831 695
831 715
831 392
831 346
598 384
598 190
598 137
598 787
598 391
598 855
20 245
20 628
20 305
20 449
20 712
20 594
20 739
20 771
20 140
20 361
20 372
20 981
20 573
20 509
20 464
20 820
150 937
150 298
150 206
150 48
150 963
150 7
150 90
150 4
150 173
150 856
587 619
587 520
587 387
587 190
587 622
587 677
587 453
587 351
587 21
587 817
587 509
587 807
100 872
100 428
100 278
100 879
100 698
100 360
100 485
100 841
100 453
100 557
100 834
100 849
100 272
555 600
555 712
555 413
555 213
555 967
555 385
555 699
555 823
555 835
555 262
555 416
567 256
567 378
567 286
567 844
567 107
567 46
567 874
292 181
292 681
292 52
292 955
292 334
886 570
886 941
886 711
886 860
886 421
886 164
886 519
886 209
886 0
886 553
886 566
560 579
560 797
560 64
560 494
560 669
560 339
560 325
560 650
560 121
560 373
142 84
142 54
142 201
142 212
142 151
142 685
29 727
29 606
29 540
29 614
29 61
29 637
29 838
29 203
29 3
29 117
29 359
234 643
234 634
234 790
234 259
234 890
234 898
701 310
701 930
701 687
701 430
701 633
701 935
701 833
701 265
701 675
701 650
701 227
561 710
561 906
561 606
561 278
561 431
561 514
561 507
561 341
561 296
561 583
561 517
568 945
568 167
568 847
568 903
568 121
568 729
435 792
435 396
435 984
435 929
435 129
435 125
435 694
301 546
301 939
301 615
301 222
301 28
301 303
301 418
301 667
249 992
249 21
249 306
249 14
249 3
249 257
195 879
195 690
195 427
195 500
195 834
195 188
195 134
195 29
438 495
438 704
438 246
438 888
438 421
438 644
293 688
293 673
293 133
293 178
293 130
293 618
293 216
293 578
293 801
596 942
596 728
596 914
596 86
596 292
596 438
242 660
242 881
242 122
242 758
242 243
242 469
242 252
242 608
242 861
850 323
850 449
850 515
850 698
850 260
850 12
850 849
850 252
850 41
850 226
850 804
654 657
654 149
654 690
654 796
654 26
654 765
654 801
17 414
17 575
17 532
17 524
17 853
17 501
17 985
182 787
182 776
182 391
182 669
182 35
877 725
877 942
877 986
877 782
877 669
877 67
877 968
780 40
780 905
780 421
780 200
780 832
780 923
780 682
780 500
780 124
780 778
780 956
780 150
705 633
705 965
705 79
705 325
705 581
705 272
705 234
459 741
459 277
459 59
459 10
459 39
459 432
459 453
459 834
459 897
459 861
459 5
43 590
43 285
43 399
43 522
43 110
43 796
43 488
43 603
43 453
43 617
43 568
239 614
239 790
239 497
239 274
239 680
239 602
239 828
239 336
239 985
115 957
115 379
115 260
115 739
115 723
115 290
115 243
115 5
824 943
824 540
824 84
824 202
824 339
824 286
824 207
824 679
824 729
824 562
824 464
919 278
919 394
919 335
919 950
919 7
919 682
919 374
919 715
919 920
907 81
907 174
907 743
907 6
907 686
907 370
907 938
907 492
907 667
114 491
114 788
114 633
114 954
114 357
114 980
114 283
114 427
114 455
114 420
114 128
582 839
582 323
582 600
582 119
582 635
582 675
582 51
582 365
582 823
582 828
873 987
873 491
873 941
873 138
873 683
873 322
873 130
873 318
873 97
873 455
873 352
873 810
873 347
873 874
988 135
988 957
988 740
988 947
988 819
988 274
988 168
988 435
988 115
696 958
696 434
696 312
696 264
696 289
696 308
696 340
696 669
696 8
696 460
696 801
716 630
716 176
716 967
716 700
716 893
716 675
716 300
716 301
588 531
588 777
588 376
588 528
588 524
588 339
588 759
588 71
588 487
588 596
319 788
319 421
319 166
319 972
319 62
319 551
510 523
510 905
510 228
510 686
510 69
510 130
510 844
510 343
510 262
510 416
510 210
304 91
304 548
304 626
304 805
304 318
304 352
304 955
304 215
304 720
751 461
751 590
751 796
751 54
751 419
751 652
751 324
751 885
751 231
751 731
218 447
218 298
218 858
218 223
218 532
218 466
218 420
218 341
218 509
218 234
218 705
355 177
355 160
355 863
355 958
355 677
355 790
355 899
355 465
355 501
355 450
355 598
355 716
818 523
818 91
818 206
818 832
818 799
818 102
818 377
818 747
818 813
56 156
56 223
56 918
56 192
56 239
280 862
280 952
280 333
280 183
280 865
280 395
280 669
280 344
574 401
574 657
574 889
574 455
574 976
574 359
574 412
574 211
574 824
475 535
475 930
475 860
475 122
475 559
475 918
475 652
475 896
475 554
475 582
563 628
563 493
563 963
563 924
563 162
563 631
563 422
563 974
632 872
632 458
632 197
632 501
884 742
884 37
884 858
884 538
884 8
884 573
884 275
884 567
884 568
884 475
951 959
951 912
951 942
951 229
951 68
951 551
951 892
951 955
951 320
951 988
282 797
282 936
282 269
282 421
282 504
282 477
282 747
282 159
809 135
809 912
809 266
809 614
809 832
809 170
809 19
809 318
809 237
809 974
564 368
564 258
564 429
564 668
564 178
564 251
445 741
445 987
445 648
445 99
445 774
445 981
307 954
307 964
307 235
307 375
307 774
307 316
307 262
307 636
307 386
307 735
307 272
925 922
925 630
925 57
925 975
925 489
925 455
714 656
714 723
714 158
714 877
714 563
714 951
714 282
894 704
894 167
894 858
894 815
894 58
894 30
894 398
894 41
894 292
390 461
390 59
390 930
390 575
390 60
390 316
390 981
390 803
390 733
390 915
362 447
362 710
362 496
362 189
362 72
362 973
362 657
362 192
362 432
362 65
362 337
362 466
362 641
362 933
38 256
38 959
38 829
38 515
38 918
38 79
38 652
38 271
38 843
38 720
38 813
38 239
601 499
601 722
601 719
601 117
601 874
601 38
672 909
672 495
672 978
672 648
672 92
672 995
672 412
380 905
380 11
380 579
380 879
380 936
380 403
380 48
380 837
380 377
380 382
380 70
380 90
380 598
380 751
380 362
169 174
169 742
169 285
169 575
169 485
169 559
169 769
169 200
169 621
169 842
169 627
169 346
169 974
169 596
66 174
66 19
66 819
66 140
66 243
66 209
66 490
66 813
66 874
845 640
845 879
845 882
845 776
845 448
845 489
845 553
754 72
754 147
754 609
754 53
754 129
754 699
754 831
754 886
754 293
754 66
624 491
624 707
624 709
624 181
624 611
624 538
624 292
294 137
294 526
294 389
294 740
294 170
294 316
294 999
294 924
294 817
294 587
816 87
816 496
816 630
816 891
816 479
816 192
816 36
816 96
816 749
816 231
816 567
816 886
816 242
108 725
108 369
108 493
108 457
108 953
108 265
108 260
108 13
108 141
108 166
108 229
108 9
108 509
108 868
224 102
224 533
224 453
224 473
224 561
224 877
363 777
363 606
363 760
363 471
363 232
363 427
363 994
363 722
363 823
363 78
363 651
363 218
463 888
463 787
463 557
463 468
463 52
463 216
463 868
463 218
241 732
241 891
241 439
241 326
241 469
241 503
241 588
472 725
472 332
472 80
472 396
472 858
472 403
472 975
472 489
472 571
472 221
472 667
472 720
194 194
399 194
990 194
356 194
246 194
869 194
264 194
768 194
147 194
891 194
83 194
113 194
413 194
127 194
44 194
540 194
152 194
978 194
687 194
332 194
430 194
255 194
133 194
760 194
633 194
954 194
258 194
648 194
16 194
39 194
397 194
852 194
847 194
462 194
110 194
474 194
953 194
95 194
37 194
851 194
308 194
634 194
379 194
769 194
471 194
690 194
841 194
836 194
407 194
796 194
865 194
793 194
895 194
706 194
950 194
488 194
326 194
283 194
154 194
419 194
832 194
965 194
232 194
199 194
484 194
689 194
192 194
176 194
728 194
677 194
395 194
504 194
477 194
187 194
782 194
141 194
811 194
826 194
971 194
130 194
64 194
960 194
652 194
19 194
626 194
621 194
685 194
805 194
857 194
453 194
557 194
315 194
530 194
577 194
947 194
65 194
772 194
9 194
375 194
656 194
77 194
139 194
893 194
790 194
415 194
975 194
344 194
385 194
441 194
972 194
675 194
105 194
352 194
791 194
822 194
454 194
51 194
214 194
125 194
699 194
674 194
287 194
311 194
58 194
679 194
281 194
605 194
437 194
440 194
341 194
802 194
365 194
595 194
867 194
899 194
247 194
203 194
306 194
761 194
158 194
76 194
525 194
451 194
779 194
220 194
350 194
465 194
153 194
981 194
382 194
781 194
623 194
7 194
109 194
300 194
500 194
482 194
188 194
823 194
806 194
121 194
3 194
853 194
996 194
324 194
8 194
602 194
642 194
501 194
910 194
168 194
90 194
729 194
610 194
343 194
107 194
765 194
162 194
262 194
578 194
571 194
331 194
803 194
565 194
658 194
423 194
735 194
868 194
828 194
163 194
106 194
252 194
917 194
426 194
726 194
885 194
416 194
944 194
101 194
112 194
991 194
388 194
231 194
244 194
267 194
210 194
165 194
450 194
801 194
667 194
778 194
830 194
313 194
320 194
41 194
366 194
840 194
566 194
813 194
552 194
820 194
111 194
861 194
186 194
251 194
422 194
346 194
956 194
612 194
73 194
866 194
50 194
292 194
701 194
568 194
435 194
293 194
596 194
654 194
182 194
43 194
239 194
582 194
696 194
716 194
510 194
218 194
818 194
56 194
632 194
282 194
809 194
445 194
307 194
380 194
66 194
754 194
816 194
108 194
363 194
463 194
