500 1302
0 1
1 0
2 0
3 1
4 2
5 2
6 0
7 1
8 2
9 1
10 2
11 2
12 1
13 0
14 2
15 1
16 1
17 0
18 2
19 1
20 1
21 2
22 1
23 0
24 2
25 1
26 0
27 0
28 1
29 2
30 1
31 2
32 2
33 0
34 1
35 2
36 2
37 1
38 1
39 0
40 0
41 0
42 0
43 1
44 1
45 2
46 2
47 0
48 0
49 1
50 2
51 2
52 1
53 1
54 2
55 0
56 0
57 0
58 2
59 2
60 2
61 0
62 2
63 0
64 1
65 0
66 0
67 1
68 2
69 2
70 1
71 2
72 0
73 1
74 1
75 1
76 1
77 1
78 2
79 1
80 0
81 2
82 2
83 2
84 1
85 2
86 1
87 1
88 0
89 0
90 1
91 0
92 1
93 0
94 0
95 0
96 0
97 1
98 2
99 0
100 0
101 1
102 0
103 0
104 0
105 2
106 2
107 1
108 0
109 2
110 1
111 1
112 2
113 0
114 1
115 0
116 2
117 2
118 2
119 2
120 0
121 0
122 0
123 1
124 1
125 1
126 2
127 1
128 0
129 1
130 0
131 1
132 2
133 1
134 2
135 2
136 0
137 2
138 1
139 1
140 1
141 0
142 1
143 1
144 0
145 0
146 1
147 0
148 0
149 1
150 1
151 0
152 2
153 2
154 2
155 0
156 0
157 2
158 0
159 1
160 1
161 0
162 0
163 2
164 2
165 0
166 2
167 2
168 2
169 1
170 1
171 2
172 1
173 0
174 0
175 2
176 0
177 0
178 0
179 0
180 1
181 1
182 1
183 2
184 0
185 2
186 2
187 1
188 2
189 0
190 0
191 0
192 1
193 1
194 0
195 0
196 1
197 0
198 0
199 1
200 1
201 2
202 0
203 1
204 0
205 1
206 0
207 1
208 1
209 0
210 2
211 0
212 2
213 2
214 2
215 0
216 1
217 0
218 2
219 0
220 0
221 0
222 1
223 0
224 1
225 2
226 0
227 0
228 0
229 1
230 1
231 2
232 1
233 0
234 0
235 1
236 2
237 2
238 0
239 1
240 0
241 1
242 1
243 0
244 0
245 2
246 0
247 2
248 2
249 0
250 2
251 0
252 0
253 1
254 0
255 2
256 1
257 2
258 2
259 1
260 0
261 2
262 2
263 2
264 0
265 2
266 1
267 2
268 2
269 2
270 0
271 0
272 0
273 2
274 1
275 1
276 1
277 2
278 0
279 1
280 0
281 0
282 0
283 1
284 2
285 0
286 1
287 1
288 2
289 1
290 0
291 0
292 1
293 2
294 0
295 1
296 0
297 2
298 1
299 2
300 2
301 2
302 2
303 0
304 2
305 0
306 1
307 1
308 1
309 2
310 0
311 1
312 0
313 1
314 2
315 2
316 1
317 1
318 0
319 2
320 0
321 2
322 0
323 2
324 1
325 1
326 1
327 1
328 1
329 0
330 1
331 0
332 0
333 1
334 0
335 2
336 0
337 2
338 0
339 1
340 1
341 1
342 0
343 1
344 2
345 0
346 1
347 2
348 2
349 0
350 2
351 0
352 2
353 0
354 2
355 0
356 1
357 1
358 2
359 0
360 2
361 1
362 0
363 0
364 2
365 0
366 2
367 0
368 2
369 0
370 1
371 1
372 0
373 1
374 0
375 0
376 0
377 2
378 2
379 2
380 2
381 2
382 0
383 1
384 0
385 0
386 2
387 2
388 2
389 2
390 0
391 2
392 1
393 0
394 2
395 1
396 2
397 2
398 2
399 2
400 0
401 1
402 1
403 0
404 0
405 1
406 1
407 0
408 1
409 1
410 0
411 0
412 1
413 0
414 2
415 2
416 2
417 0
418 1
419 1
420 2
421 1
422 1
423 1
424 0
425 1
426 0
427 0
428 1
429 2
430 2
431 1
432 1
433 1
434 0
435 0
436 0
437 1
438 0
439 2
440 0
441 2
442 1
443 1
444 0
445 0
446 0
447 2
448 1
449 0
450 1
451 1
452 2
453 2
454 0
455 2
456 1
457 1
458 0
459 0
460 1
461 0
462 2
463 1
464 1
465 2
466 1
467 2
468 1
469 2
470 2
471 1
472 1
473 0
474 1
475 2
476 1
477 2
478 1
479 0
480 2
481 0
482 2
483 2
484 0
485 0
486 2
487 0
488 2
489 0
490 0
491 0
492 1
493 2
494 1
495 2
496 2
497 2
498 0
499 1
109 277
408 40
398 288
444 109
209 40
209 371
484 209
178 109
18 22
18 2
493 3
151 76
21 398
21 488
21 3
210 484
166 210
124 493
168 209
249 388
249 272
334 75
334 256
489 427
441 178
10 111
153 21
79 188
79 132
393 55
247 22
247 109
247 314
228 493
234 188
234 420
6 493
6 247
361 249
169 22
169 396
130 244
363 394
363 164
363 105
53 75
460 441
98 40
98 109
98 288
399 195
399 420
216 493
216 56
129 109
129 106
129 393
0 288
0 292
205 206
304 484
434 424
434 205
452 247
452 169
235 204
235 363
432 348
432 361
191 308
191 65
262 481
297 106
402 484
323 444
323 106
473 427
447 56
300 307
317 195
159 203
70 264
92 111
92 210
92 124
92 234
92 204
92 171
138 2
237 397
237 272
181 297
265 473
265 237
218 490
287 76
287 444
287 323
113 489
197 150
197 153
215 91
485 154
485 388
413 308
68 256
68 121
229 488
229 490
42 450
42 388
318 363
318 278
318 283
318 181
454 111
331 450
331 212
254 150
309 363
309 17
134 53
134 215
251 206
251 171
251 318
251 309
403 493
403 314
403 264
232 55
232 256
442 434
442 262
61 392
61 166
61 214
61 331
1 427
1 432
360 409
360 369
360 135
33 277
33 76
33 37
145 109
145 228
145 309
449 466
303 76
303 195
303 169
250 334
250 300
335 180
335 138
335 218
494 256
494 397
494 434
494 262
494 61
107 2
67 401
67 379
67 212
289 314
289 153
289 130
289 159
240 18
240 490
240 442
185 402
185 229
185 145
465 494
260 441
83 463
83 375
358 463
358 323
358 494
362 473
351 418
324 154
324 481
353 307
353 473
144 441
144 379
459 70
156 278
156 113
189 1
192 98
118 180
118 105
118 494
267 180
267 171
267 203
267 237
119 463
137 6
137 237
137 229
50 65
50 331
19 40
19 45
19 494
391 153
391 324
93 480
93 195
93 348
93 171
93 250
117 424
117 434
344 53
344 399
344 50
330 391
310 249
310 10
310 447
310 214
425 385
425 360
126 482
126 264
126 489
126 153
126 265
126 218
126 232
306 292
306 21
306 379
306 0
430 247
430 331
35 175
141 444
141 209
141 169
141 17
11 485
448 401
102 2
102 197
102 425
102 141
146 166
146 348
146 142
146 494
146 189
479 396
479 232
414 0
414 452
104 308
104 379
433 22
433 473
207 204
207 141
382 22
382 264
382 262
382 297
382 465
257 459
258 489
58 420
58 254
58 430
58 146
103 35
128 444
128 247
128 138
128 251
128 207
381 178
381 6
381 262
381 237
381 332
381 137
4 18
4 135
4 459
4 19
4 275
202 375
202 159
202 189
440 272
440 142
440 33
316 244
316 481
316 420
486 324
486 202
295 424
295 290
148 214
148 494
148 240
101 418
101 379
404 65
404 473
404 17
404 215
404 148
14 408
443 418
96 265
342 332
342 146
194 401
139 335
41 441
384 358
384 19
89 40
89 488
89 478
89 119
457 37
457 430
81 369
81 137
81 207
81 443
208 109
208 111
208 257
245 290
390 91
390 210
390 164
390 104
390 167
230 37
230 363
230 317
230 413
230 42
230 360
230 335
230 465
15 471
15 486
372 56
372 317
372 19
412 138
412 260
412 362
412 342
350 335
350 59
36 75
36 3
36 105
36 447
36 413
36 81
451 408
451 191
426 229
426 240
426 465
426 448
426 372
236 144
213 42
213 11
97 397
97 166
97 363
97 323
368 278
72 392
72 324
72 102
157 381
157 81
161 234
161 370
161 430
423 463
423 249
423 457
133 251
374 361
374 379
374 267
374 404
374 443
374 230
266 142
266 218
266 257
49 484
47 409
47 212
47 42
47 192
47 443
173 393
173 61
115 466
436 234
436 499
436 245
436 426
305 256
357 398
357 169
357 235
357 351
357 194
357 236
357 133
373 104
294 330
88 466
88 277
88 486
340 180
340 118
431 256
431 388
431 310
431 161
51 53
51 144
51 93
51 148
311 362
311 350
333 397
333 331
333 448
333 382
182 292
182 151
182 399
182 471
182 362
182 156
182 118
182 139
320 67
366 433
366 128
86 3
86 369
86 471
86 35
86 381
86 88
341 278
341 317
341 214
341 67
221 397
221 18
221 171
221 267
123 64
123 318
123 471
123 175
355 434
355 201
355 381
355 96
355 457
319 398
319 401
319 142
319 218
319 118
152 442
152 119
152 368
95 420
95 214
95 344
95 31
455 484
455 79
455 175
455 478
85 480
85 6
85 203
85 311
85 95
407 335
407 84
279 31
24 390
165 278
282 203
282 64
282 377
483 278
406 56
406 234
32 444
32 70
32 273
32 267
32 117
32 266
32 152
346 273
346 213
346 282
472 398
472 420
472 134
472 471
472 213
225 215
225 213
325 466
325 228
220 154
184 314
184 489
184 107
184 258
184 436
184 31
184 221
217 361
217 353
217 31
217 220
25 278
25 202
25 457
231 3
231 117
231 426
242 55
242 230
242 455
284 485
284 104
284 342
321 45
321 420
315 133
315 95
315 472
315 25
52 401
52 420
52 113
52 499
52 382
52 412
52 436
52 340
120 156
120 192
120 425
120 414
120 436
120 225
177 106
177 159
177 119
177 128
74 45
74 119
74 333
74 345
338 256
338 132
338 361
338 53
338 220
338 52
246 473
246 319
312 351
239 109
239 371
239 79
239 425
239 72
461 466
461 151
461 355
302 308
302 121
302 344
302 126
435 288
435 244
435 445
435 79
435 447
405 212
405 156
405 123
405 220
80 98
80 360
416 97
416 461
339 424
339 429
62 466
62 379
62 317
62 104
62 390
62 47
62 173
367 429
23 413
23 240
255 252
12 279
336 348
336 335
336 207
336 88
336 86
456 463
456 494
291 344
291 384
291 182
380 70
380 457
380 226
94 4
94 96
464 162
464 319
464 495
491 40
491 489
491 81
301 308
301 361
301 434
301 152
5 454
5 93
5 246
131 463
131 388
131 56
131 251
131 449
131 381
131 187
131 52
131 301
66 466
66 175
66 189
66 372
66 52
8 295
8 472
389 209
389 19
389 94
30 22
30 272
30 432
30 142
30 218
30 318
30 335
30 495
30 255
30 94
160 466
160 91
343 466
343 210
343 11
343 58
343 266
343 366
343 255
44 403
44 5
469 45
469 250
469 258
469 338
365 482
365 17
327 2
327 230
327 225
69 118
69 19
69 167
328 59
87 416
462 424
462 262
462 435
462 343
470 244
470 348
470 343
352 363
352 304
352 185
352 416
419 489
419 204
419 344
419 58
419 405
468 55
468 303
468 156
468 207
468 36
468 217
468 464
468 8
211 277
211 329
211 332
211 414
211 374
211 52
233 379
233 17
233 134
233 423
34 33
34 457
190 278
190 93
190 236
190 233
259 348
259 460
259 494
259 31
259 225
259 284
259 87
259 468
71 98
71 373
71 461
193 427
193 360
193 240
349 272
349 300
349 213
387 260
387 320
186 357
186 431
186 495
383 392
383 91
383 17
383 185
383 69
458 105
458 287
243 15
243 495
243 259
270 490
270 250
270 430
270 194
270 389
376 392
376 482
376 310
378 159
378 267
378 479
378 14
378 374
378 88
378 380
112 37
112 185
112 51
112 325
112 464
347 76
347 291
347 491
347 160
347 469
347 349
415 403
415 360
415 390
219 162
219 252
219 17
219 448
219 85
364 56
364 460
364 42
364 160
364 193
170 232
170 137
170 242
170 74
170 30
453 201
453 318
453 146
453 346
453 246
286 132
286 427
286 164
286 433
286 464
172 418
172 247
172 471
172 319
172 160
417 67
417 457
417 88
417 312
26 150
26 399
26 92
26 240
26 332
26 423
475 166
475 169
475 36
475 173
475 66
475 190
46 466
46 101
492 161
492 95
492 177
492 343
492 193
227 493
227 228
227 429
82 169
82 473
82 68
82 50
82 405
82 94
386 292
386 180
386 232
386 275
386 406
496 318
496 59
27 188
27 169
27 19
27 88
27 380
27 496
410 397
410 234
410 95
410 87
410 270
296 463
296 0
296 440
296 457
296 436
296 373
296 255
296 468
198 178
198 162
198 191
198 318
198 449
198 448
179 56
179 203
179 372
359 132
359 18
359 294
359 120
359 80
73 37
73 397
73 488
73 429
326 105
326 130
326 460
326 191
326 473
326 126
326 102
326 461
326 94
39 210
39 67
39 236
299 8
63 307
63 212
63 19
63 443
63 374
63 226
271 480
271 245
271 340
271 431
271 464
147 67
147 146
147 316
147 350
38 234
38 203
38 229
38 81
38 495
38 259
293 209
293 365
313 105
313 316
313 325
313 46
200 188
200 262
200 201
200 27
196 484
196 441
196 61
196 245
196 435
196 219
487 209
487 318
487 118
253 371
253 65
253 490
253 113
253 412
253 239
400 402
400 370
400 303
400 332
400 382
400 390
400 44
428 388
428 314
428 23
428 259
199 22
199 191
199 473
199 400
467 216
223 120
223 259
268 132
268 361
268 72
268 291
437 489
437 417
7 489
7 220
7 217
7 356
248 265
248 104
248 157
248 366
269 388
269 56
269 441
269 169
269 130
269 145
269 338
269 160
269 496
269 410
163 151
163 142
163 325
163 112
163 347
354 180
354 179
125 214
125 212
125 485
125 282
13 246
13 343
13 354
322 394
322 201
322 465
322 377
322 419
122 407
122 279
28 121
28 363
28 297
28 26
224 433
224 58
224 184
110 56
110 471
110 81
110 211
281 106
281 216
281 42
281 430
281 30
281 458
281 7
276 19
276 213
276 34
276 354
158 187
158 14
158 384
158 374
158 231
158 131
108 49
108 365
108 46
263 204
263 229
263 61
263 137
263 433
263 294
263 475
241 205
241 432
241 17
114 481
114 393
114 485
114 119
114 390
114 44
498 494
498 213
498 319
498 255
498 269
43 424
43 499
43 431
43 63
100 191
100 300
100 221
100 302
100 464
337 308
337 6
337 317
337 350
337 24
337 416
337 336
337 131
90 96
90 259
90 359
57 237
57 495
274 203
274 192
274 430
274 414
274 187
274 486
274 96
48 308
48 267
48 165
476 250
476 478
476 96
476 491
476 437
421 247
421 117
421 291
54 10
54 42
155 331
155 336
155 263
222 444
222 305
222 483
222 184
222 246
222 487
411 425
411 120
411 226
411 400
127 180
127 379
127 225
127 87
127 468
127 270
20 162
20 290
20 455
20 435
20 491
395 402
395 225
395 328
395 326
395 38
497 37
497 394
497 399
497 42
497 391
497 211
497 496
136 314
136 215
136 59
136 112
136 364
238 87
238 387
439 316
439 120
446 444
446 361
446 208
446 246
446 415
446 46
446 268
474 132
474 484
474 153
474 129
474 318
474 1
474 57
280 444
280 83
280 51
280 284
280 467
16 277
16 209
16 58
16 253
16 395
438 171
438 208
438 161
29 277
29 76
29 424
29 311
9 361
9 470
9 46
116 2
116 292
116 17
116 373
116 270
116 155
78 262
78 485
78 360
78 443
78 384
78 457
78 213
78 374
78 311
78 270
78 410
149 424
149 394
149 19
149 344
149 23
149 170
149 224
183 347
99 21
99 407
99 296
99 114
140 399
140 191
140 366
140 400
143 418
143 258
143 462
176 209
176 164
176 166
176 452
176 370
176 135
176 137
176 126
176 258
176 94
176 343
298 347
298 125
60 482
60 388
60 64
60 35
60 381
60 470
60 458
60 140
77 308
77 434
77 159
77 333
77 280
77 9
477 76
477 334
477 369
477 4
477 87
477 73
477 43
477 411
285 21
285 201
285 237
285 212
285 353
285 306
285 373
285 345
