100 52
0 1
1 2
2 1
3 1
4 0
5 1
6 0
7 0
8 0
9 0
10 0
11 2
12 2
13 1
14 0
15 1
16 2
17 2
18 2
19 0
20 1
21 2
22 0
23 0
24 0
25 1
26 1
27 0
28 2
29 1
30 1
31 1
32 0
33 0
34 0
35 0
36 1
37 1
38 2
39 2
40 2
41 0
42 1
43 1
44 1
45 1
46 0
47 1
48 1
49 0
50 1
51 0
52 2
53 1
54 0
55 0
56 0
57 1
58 0
59 2
60 2
61 2
62 1
63 0
64 0
65 2
66 0
67 2
68 1
69 0
70 2
71 0
72 1
73 1
74 2
75 2
76 1
77 2
78 1
79 2
80 2
81 0
82 2
83 0
84 2
85 0
86 1
87 0
88 2
89 2
90 0
91 2
92 0
93 2
94 2
95 0
96 2
97 1
98 1
99 1
79 4
62 38
32 4
83 38
10 32
84 63
84 79
20 34
87 12
13 34
52 49
52 40
80 13
6 79
6 74
6 84
47 84
44 99
76 93
65 12
65 15
30 24
50 79
0 69
0 10
95 49
28 17
11 27
11 59
85 38
85 91
85 44
86 51
67 10
67 27
19 9
19 84
19 47
96 41
96 99
96 25
53 0
39 56
75 71
33 1
36 64
36 7
58 83
78 32
3 27
60 37
77 22
